# time	tot_B	free_B	tot_C	free_C	tot_A	free_A
0.000000e+00 6.000000e+02 6.000000e+02 3.000000e+02 3.000000e+02 2.000000e+02 2.000000e+02
2.500000e-03 6.000000e+02 4.262000e+02 3.000000e+02 1.623000e+02 2.000000e+02 1.798000e+02
5.000000e-03 6.000000e+02 3.296000e+02 3.000000e+02 1.013000e+02 2.000000e+02 1.649000e+02
7.500000e-03 6.000000e+02 2.779000e+02 3.000000e+02 7.610000e+01 2.000000e+02 1.533000e+02
1.000000e-02 6.000000e+02 2.504000e+02 3.000000e+02 6.230000e+01 2.000000e+02 1.512000e+02
1.250000e-02 6.000000e+02 2.363000e+02 3.000000e+02 5.710000e+01 2.000000e+02 1.461000e+02
1.500000e-02 6.000000e+02 2.203000e+02 3.000000e+02 5.140000e+01 2.000000e+02 1.419000e+02
1.750000e-02 6.000000e+02 2.135000e+02 3.000000e+02 4.910000e+01 2.000000e+02 1.420000e+02
2.000000e-02 6.000000e+02 2.061000e+02 3.000000e+02 4.510000e+01 2.000000e+02 1.380000e+02
2.250000e-02 6.000000e+02 2.050000e+02 3.000000e+02 4.430000e+01 2.000000e+02 1.356000e+02
2.500000e-02 6.000000e+02 2.077000e+02 3.000000e+02 4.400000e+01 2.000000e+02 1.365000e+02
2.750000e-02 6.000000e+02 2.084000e+02 3.000000e+02 4.550000e+01 2.000000e+02 1.318000e+02
3.000000e-02 6.000000e+02 2.020000e+02 3.000000e+02 4.620000e+01 2.000000e+02 1.322000e+02
3.250000e-02 6.000000e+02 2.009000e+02 3.000000e+02 4.570000e+01 2.000000e+02 1.327000e+02
3.500000e-02 6.000000e+02 2.021000e+02 3.000000e+02 4.510000e+01 2.000000e+02 1.347000e+02
3.750000e-02 6.000000e+02 2.062000e+02 3.000000e+02 4.590000e+01 2.000000e+02 1.339000e+02
4.000000e-02 6.000000e+02 2.065000e+02 3.000000e+02 4.450000e+01 2.000000e+02 1.350000e+02
4.250000e-02 6.000000e+02 2.072000e+02 3.000000e+02 4.670000e+01 2.000000e+02 1.337000e+02
4.500000e-02 6.000000e+02 2.018000e+02 3.000000e+02 4.470000e+01 2.000000e+02 1.330000e+02
4.750000e-02 6.000000e+02 2.029000e+02 3.000000e+02 4.670000e+01 2.000000e+02 1.351000e+02
5.000000e-02 6.000000e+02 2.041000e+02 3.000000e+02 4.680000e+01 2.000000e+02 1.344000e+02
5.250000e-02 6.000000e+02 2.038000e+02 3.000000e+02 4.740000e+01 2.000000e+02 1.318000e+02
5.500000e-02 6.000000e+02 2.068000e+02 3.000000e+02 4.490000e+01 2.000000e+02 1.324000e+02
5.750000e-02 6.000000e+02 2.089000e+02 3.000000e+02 4.710000e+01 2.000000e+02 1.299000e+02
6.000000e-02 6.000000e+02 2.053000e+02 3.000000e+02 4.780000e+01 2.000000e+02 1.283000e+02
6.250000e-02 6.000000e+02 1.984000e+02 3.000000e+02 4.580000e+01 2.000000e+02 1.280000e+02
6.500000e-02 6.000000e+02 1.951000e+02 3.000000e+02 4.650000e+01 2.000000e+02 1.275000e+02
6.750000e-02 6.000000e+02 1.973000e+02 3.000000e+02 4.630000e+01 2.000000e+02 1.296000e+02
7.000000e-02 6.000000e+02 1.982000e+02 3.000000e+02 4.630000e+01 2.000000e+02 1.295000e+02
7.250000e-02 6.000000e+02 2.057000e+02 3.000000e+02 4.430000e+01 2.000000e+02 1.331000e+02
7.500000e-02 6.000000e+02 2.036000e+02 3.000000e+02 4.400000e+01 2.000000e+02 1.348000e+02
7.750000e-02 6.000000e+02 1.979000e+02 3.000000e+02 4.140000e+01 2.000000e+02 1.329000e+02
8.000000e-02 6.000000e+02 1.972000e+02 3.000000e+02 4.050000e+01 2.000000e+02 1.356000e+02
8.250000e-02 6.000000e+02 1.961000e+02 3.000000e+02 4.120000e+01 2.000000e+02 1.351000e+02
8.500000e-02 6.000000e+02 2.001000e+02 3.000000e+02 4.330000e+01 2.000000e+02 1.353000e+02
8.750000e-02 6.000000e+02 2.030000e+02 3.000000e+02 4.480000e+01 2.000000e+02 1.351000e+02
9.000000e-02 6.000000e+02 2.030000e+02 3.000000e+02 4.630000e+01 2.000000e+02 1.343000e+02
9.250000e-02 6.000000e+02 1.995000e+02 3.000000e+02 4.130000e+01 2.000000e+02 1.320000e+02
9.500000e-02 6.000000e+02 2.020000e+02 3.000000e+02 4.510000e+01 2.000000e+02 1.316000e+02
9.750000e-02 6.000000e+02 1.980000e+02 3.000000e+02 4.550000e+01 2.000000e+02 1.299000e+02
1.000000e-01 6.000000e+02 1.978000e+02 3.000000e+02 4.380000e+01 2.000000e+02 1.286000e+02
1.025000e-01 6.000000e+02 1.979000e+02 3.000000e+02 4.500000e+01 2.000000e+02 1.278000e+02
1.050000e-01 6.000000e+02 2.000000e+02 3.000000e+02 4.330000e+01 2.000000e+02 1.294000e+02
1.075000e-01 6.000000e+02 2.061000e+02 3.000000e+02 4.360000e+01 2.000000e+02 1.308000e+02
1.100000e-01 6.000000e+02 1.984000e+02 3.000000e+02 4.460000e+01 2.000000e+02 1.304000e+02
1.125000e-01 6.000000e+02 2.023000e+02 3.000000e+02 4.520000e+01 2.000000e+02 1.320000e+02
1.150000e-01 6.000000e+02 2.008000e+02 3.000000e+02 4.040000e+01 2.000000e+02 1.343000e+02
1.175000e-01 6.000000e+02 2.014000e+02 3.000000e+02 4.170000e+01 2.000000e+02 1.330000e+02
1.200000e-01 6.000000e+02 2.016000e+02 3.000000e+02 4.210000e+01 2.000000e+02 1.335000e+02
1.225000e-01 6.000000e+02 2.022000e+02 3.000000e+02 4.280000e+01 2.000000e+02 1.323000e+02
1.250000e-01 6.000000e+02 1.976000e+02 3.000000e+02 4.120000e+01 2.000000e+02 1.285000e+02
1.275000e-01 6.000000e+02 2.005000e+02 3.000000e+02 4.370000e+01 2.000000e+02 1.310000e+02
1.300000e-01 6.000000e+02 2.016000e+02 3.000000e+02 4.600000e+01 2.000000e+02 1.289000e+02
1.325000e-01 6.000000e+02 2.015000e+02 3.000000e+02 4.270000e+01 2.000000e+02 1.303000e+02
1.350000e-01 6.000000e+02 2.023000e+02 3.000000e+02 4.390000e+01 2.000000e+02 1.312000e+02
1.375000e-01 6.000000e+02 2.015000e+02 3.000000e+02 4.170000e+01 2.000000e+02 1.316000e+02
1.400000e-01 6.000000e+02 1.958000e+02 3.000000e+02 4.190000e+01 2.000000e+02 1.308000e+02
1.425000e-01 6.000000e+02 1.955000e+02 3.000000e+02 4.210000e+01 2.000000e+02 1.328000e+02
1.450000e-01 6.000000e+02 2.031000e+02 3.000000e+02 4.450000e+01 2.000000e+02 1.320000e+02
1.475000e-01 6.000000e+02 2.001000e+02 3.000000e+02 4.500000e+01 2.000000e+02 1.325000e+02
1.500000e-01 6.000000e+02 2.019000e+02 3.000000e+02 4.430000e+01 2.000000e+02 1.331000e+02
1.525000e-01 6.000000e+02 1.978000e+02 3.000000e+02 4.320000e+01 2.000000e+02 1.310000e+02
1.550000e-01 6.000000e+02 1.990000e+02 3.000000e+02 4.420000e+01 2.000000e+02 1.334000e+02
1.575000e-01 6.000000e+02 2.010000e+02 3.000000e+02 4.450000e+01 2.000000e+02 1.317000e+02
1.600000e-01 6.000000e+02 1.969000e+02 3.000000e+02 4.640000e+01 2.000000e+02 1.308000e+02
1.625000e-01 6.000000e+02 1.981000e+02 3.000000e+02 4.540000e+01 2.000000e+02 1.304000e+02
1.650000e-01 6.000000e+02 1.958000e+02 3.000000e+02 4.790000e+01 2.000000e+02 1.300000e+02
1.675000e-01 6.000000e+02 1.955000e+02 3.000000e+02 4.610000e+01 2.000000e+02 1.291000e+02
1.700000e-01 6.000000e+02 1.969000e+02 3.000000e+02 4.510000e+01 2.000000e+02 1.301000e+02
1.725000e-01 6.000000e+02 1.974000e+02 3.000000e+02 4.470000e+01 2.000000e+02 1.314000e+02
1.750000e-01 6.000000e+02 1.992000e+02 3.000000e+02 4.550000e+01 2.000000e+02 1.329000e+02
1.775000e-01 6.000000e+02 1.987000e+02 3.000000e+02 4.440000e+01 2.000000e+02 1.320000e+02
1.800000e-01 6.000000e+02 1.968000e+02 3.000000e+02 4.230000e+01 2.000000e+02 1.336000e+02
1.825000e-01 6.000000e+02 1.982000e+02 3.000000e+02 3.920000e+01 2.000000e+02 1.326000e+02
1.850000e-01 6.000000e+02 1.986000e+02 3.000000e+02 4.060000e+01 2.000000e+02 1.311000e+02
1.875000e-01 6.000000e+02 1.989000e+02 3.000000e+02 4.040000e+01 2.000000e+02 1.316000e+02
1.900000e-01 6.000000e+02 1.957000e+02 3.000000e+02 4.190000e+01 2.000000e+02 1.318000e+02
1.925000e-01 6.000000e+02 1.998000e+02 3.000000e+02 4.380000e+01 2.000000e+02 1.347000e+02
1.950000e-01 6.000000e+02 1.984000e+02 3.000000e+02 4.290000e+01 2.000000e+02 1.349000e+02
1.975000e-01 6.000000e+02 1.970000e+02 3.000000e+02 4.450000e+01 2.000000e+02 1.329000e+02
2.000000e-01 6.000000e+02 1.963000e+02 3.000000e+02 4.350000e+01 2.000000e+02 1.311000e+02
2.025000e-01 6.000000e+02 1.994000e+02 3.000000e+02 4.280000e+01 2.000000e+02 1.318000e+02
2.050000e-01 6.000000e+02 1.980000e+02 3.000000e+02 4.480000e+01 2.000000e+02 1.340000e+02
2.075000e-01 6.000000e+02 1.995000e+02 3.000000e+02 4.590000e+01 2.000000e+02 1.311000e+02
2.100000e-01 6.000000e+02 2.016000e+02 3.000000e+02 4.430000e+01 2.000000e+02 1.317000e+02
2.125000e-01 6.000000e+02 2.077000e+02 3.000000e+02 4.630000e+01 2.000000e+02 1.303000e+02
2.150000e-01 6.000000e+02 2.097000e+02 3.000000e+02 4.600000e+01 2.000000e+02 1.317000e+02
2.175000e-01 6.000000e+02 2.079000e+02 3.000000e+02 4.500000e+01 2.000000e+02 1.335000e+02
2.200000e-01 6.000000e+02 2.093000e+02 3.000000e+02 4.600000e+01 2.000000e+02 1.364000e+02
2.225000e-01 6.000000e+02 2.031000e+02 3.000000e+02 4.590000e+01 2.000000e+02 1.342000e+02
2.250000e-01 6.000000e+02 2.066000e+02 3.000000e+02 4.560000e+01 2.000000e+02 1.319000e+02
2.275000e-01 6.000000e+02 2.043000e+02 3.000000e+02 4.640000e+01 2.000000e+02 1.333000e+02
2.300000e-01 6.000000e+02 2.075000e+02 3.000000e+02 4.690000e+01 2.000000e+02 1.327000e+02
2.325000e-01 6.000000e+02 2.069000e+02 3.000000e+02 4.870000e+01 2.000000e+02 1.338000e+02
2.350000e-01 6.000000e+02 2.008000e+02 3.000000e+02 4.560000e+01 2.000000e+02 1.324000e+02
2.375000e-01 6.000000e+02 2.015000e+02 3.000000e+02 4.510000e+01 2.000000e+02 1.321000e+02
2.400000e-01 6.000000e+02 2.015000e+02 3.000000e+02 4.360000e+01 2.000000e+02 1.339000e+02
2.425000e-01 6.000000e+02 2.032000e+02 3.000000e+02 4.650000e+01 2.000000e+02 1.319000e+02
2.450000e-01 6.000000e+02 2.019000e+02 3.000000e+02 4.750000e+01 2.000000e+02 1.304000e+02
2.475000e-01 6.000000e+02 2.094000e+02 3.000000e+02 4.560000e+01 2.000000e+02 1.323000e+02
2.500000e-01 6.000000e+02 2.037000e+02 3.000000e+02 4.590000e+01 2.000000e+02 1.321000e+02
2.525000e-01 6.000000e+02 2.008000e+02 3.000000e+02 4.490000e+01 2.000000e+02 1.300000e+02
2.550000e-01 6.000000e+02 1.981000e+02 3.000000e+02 4.390000e+01 2.000000e+02 1.338000e+02
2.575000e-01 6.000000e+02 2.010000e+02 3.000000e+02 4.480000e+01 2.000000e+02 1.331000e+02
2.600000e-01 6.000000e+02 1.980000e+02 3.000000e+02 4.320000e+01 2.000000e+02 1.321000e+02
2.625000e-01 6.000000e+02 1.985000e+02 3.000000e+02 4.400000e+01 2.000000e+02 1.334000e+02
2.650000e-01 6.000000e+02 2.024000e+02 3.000000e+02 4.570000e+01 2.000000e+02 1.318000e+02
2.675000e-01 6.000000e+02 2.007000e+02 3.000000e+02 4.380000e+01 2.000000e+02 1.300000e+02
2.700000e-01 6.000000e+02 1.976000e+02 3.000000e+02 4.370000e+01 2.000000e+02 1.309000e+02
2.725000e-01 6.000000e+02 1.983000e+02 3.000000e+02 4.090000e+01 2.000000e+02 1.298000e+02
2.750000e-01 6.000000e+02 1.990000e+02 3.000000e+02 4.140000e+01 2.000000e+02 1.299000e+02
2.775000e-01 6.000000e+02 1.982000e+02 3.000000e+02 4.440000e+01 2.000000e+02 1.295000e+02
2.800000e-01 6.000000e+02 1.969000e+02 3.000000e+02 4.460000e+01 2.000000e+02 1.295000e+02
2.825000e-01 6.000000e+02 1.946000e+02 3.000000e+02 4.500000e+01 2.000000e+02 1.295000e+02
2.850000e-01 6.000000e+02 1.981000e+02 3.000000e+02 4.420000e+01 2.000000e+02 1.328000e+02
2.875000e-01 6.000000e+02 1.962000e+02 3.000000e+02 4.330000e+01 2.000000e+02 1.320000e+02
2.900000e-01 6.000000e+02 1.923000e+02 3.000000e+02 4.190000e+01 2.000000e+02 1.291000e+02
2.925000e-01 6.000000e+02 1.948000e+02 3.000000e+02 4.270000e+01 2.000000e+02 1.300000e+02
2.950000e-01 6.000000e+02 1.980000e+02 3.000000e+02 4.200000e+01 2.000000e+02 1.313000e+02
2.975000e-01 6.000000e+02 2.052000e+02 3.000000e+02 4.370000e+01 2.000000e+02 1.299000e+02
3.000000e-01 6.000000e+02 2.040000e+02 3.000000e+02 4.250000e+01 2.000000e+02 1.308000e+02
3.025000e-01 6.000000e+02 2.011000e+02 3.000000e+02 4.320000e+01 2.000000e+02 1.309000e+02
3.050000e-01 6.000000e+02 2.058000e+02 3.000000e+02 4.310000e+01 2.000000e+02 1.314000e+02
3.075000e-01 6.000000e+02 2.052000e+02 3.000000e+02 4.390000e+01 2.000000e+02 1.328000e+02
3.100000e-01 6.000000e+02 1.937000e+02 3.000000e+02 4.270000e+01 2.000000e+02 1.333000e+02
3.125000e-01 6.000000e+02 1.982000e+02 3.000000e+02 4.140000e+01 2.000000e+02 1.333000e+02
3.150000e-01 6.000000e+02 2.042000e+02 3.000000e+02 4.180000e+01 2.000000e+02 1.326000e+02
3.175000e-01 6.000000e+02 2.031000e+02 3.000000e+02 4.590000e+01 2.000000e+02 1.303000e+02
3.200000e-01 6.000000e+02 2.054000e+02 3.000000e+02 4.550000e+01 2.000000e+02 1.307000e+02
3.225000e-01 6.000000e+02 2.062000e+02 3.000000e+02 4.390000e+01 2.000000e+02 1.317000e+02
3.250000e-01 6.000000e+02 2.070000e+02 3.000000e+02 4.800000e+01 2.000000e+02 1.324000e+02
3.275000e-01 6.000000e+02 2.063000e+02 3.000000e+02 4.770000e+01 2.000000e+02 1.312000e+02
3.300000e-01 6.000000e+02 2.068000e+02 3.000000e+02 4.570000e+01 2.000000e+02 1.334000e+02
3.325000e-01 6.000000e+02 2.054000e+02 3.000000e+02 4.410000e+01 2.000000e+02 1.344000e+02
3.350000e-01 6.000000e+02 2.072000e+02 3.000000e+02 4.460000e+01 2.000000e+02 1.324000e+02
3.375000e-01 6.000000e+02 2.035000e+02 3.000000e+02 4.370000e+01 2.000000e+02 1.358000e+02
3.400000e-01 6.000000e+02 2.035000e+02 3.000000e+02 4.290000e+01 2.000000e+02 1.361000e+02
3.425000e-01 6.000000e+02 2.039000e+02 3.000000e+02 4.460000e+01 2.000000e+02 1.369000e+02
3.450000e-01 6.000000e+02 2.011000e+02 3.000000e+02 4.320000e+01 2.000000e+02 1.376000e+02
3.475000e-01 6.000000e+02 2.034000e+02 3.000000e+02 4.580000e+01 2.000000e+02 1.368000e+02
3.500000e-01 6.000000e+02 2.038000e+02 3.000000e+02 4.430000e+01 2.000000e+02 1.355000e+02
3.525000e-01 6.000000e+02 2.006000e+02 3.000000e+02 4.520000e+01 2.000000e+02 1.348000e+02
3.550000e-01 6.000000e+02 1.980000e+02 3.000000e+02 4.440000e+01 2.000000e+02 1.378000e+02
3.575000e-01 6.000000e+02 2.037000e+02 3.000000e+02 4.500000e+01 2.000000e+02 1.354000e+02
3.600000e-01 6.000000e+02 2.005000e+02 3.000000e+02 4.230000e+01 2.000000e+02 1.340000e+02
3.625000e-01 6.000000e+02 2.039000e+02 3.000000e+02 4.610000e+01 2.000000e+02 1.351000e+02
3.650000e-01 6.000000e+02 2.032000e+02 3.000000e+02 4.470000e+01 2.000000e+02 1.348000e+02
3.675000e-01 6.000000e+02 2.030000e+02 3.000000e+02 4.480000e+01 2.000000e+02 1.366000e+02
3.700000e-01 6.000000e+02 2.032000e+02 3.000000e+02 4.450000e+01 2.000000e+02 1.327000e+02
3.725000e-01 6.000000e+02 2.007000e+02 3.000000e+02 4.600000e+01 2.000000e+02 1.333000e+02
3.750000e-01 6.000000e+02 1.983000e+02 3.000000e+02 4.420000e+01 2.000000e+02 1.325000e+02
3.775000e-01 6.000000e+02 1.986000e+02 3.000000e+02 4.670000e+01 2.000000e+02 1.315000e+02
3.800000e-01 6.000000e+02 1.972000e+02 3.000000e+02 4.420000e+01 2.000000e+02 1.317000e+02
3.825000e-01 6.000000e+02 1.990000e+02 3.000000e+02 4.560000e+01 2.000000e+02 1.313000e+02
3.850000e-01 6.000000e+02 1.961000e+02 3.000000e+02 4.500000e+01 2.000000e+02 1.307000e+02
3.875000e-01 6.000000e+02 1.989000e+02 3.000000e+02 4.480000e+01 2.000000e+02 1.306000e+02
3.900000e-01 6.000000e+02 2.010000e+02 3.000000e+02 4.530000e+01 2.000000e+02 1.288000e+02
3.925000e-01 6.000000e+02 2.011000e+02 3.000000e+02 4.440000e+01 2.000000e+02 1.299000e+02
3.950000e-01 6.000000e+02 2.014000e+02 3.000000e+02 4.360000e+01 2.000000e+02 1.319000e+02
3.975000e-01 6.000000e+02 1.983000e+02 3.000000e+02 4.440000e+01 2.000000e+02 1.292000e+02
4.000000e-01 6.000000e+02 2.000000e+02 3.000000e+02 4.550000e+01 2.000000e+02 1.308000e+02
4.025000e-01 6.000000e+02 1.962000e+02 3.000000e+02 4.430000e+01 2.000000e+02 1.316000e+02
4.050000e-01 6.000000e+02 1.956000e+02 3.000000e+02 4.310000e+01 2.000000e+02 1.323000e+02
4.075000e-01 6.000000e+02 2.004000e+02 3.000000e+02 4.390000e+01 2.000000e+02 1.317000e+02
4.100000e-01 6.000000e+02 1.994000e+02 3.000000e+02 4.240000e+01 2.000000e+02 1.322000e+02
4.125000e-01 6.000000e+02 1.996000e+02 3.000000e+02 4.280000e+01 2.000000e+02 1.319000e+02
4.150000e-01 6.000000e+02 2.018000e+02 3.000000e+02 4.790000e+01 2.000000e+02 1.333000e+02
4.175000e-01 6.000000e+02 2.030000e+02 3.000000e+02 4.470000e+01 2.000000e+02 1.323000e+02
4.200000e-01 6.000000e+02 2.078000e+02 3.000000e+02 4.620000e+01 2.000000e+02 1.330000e+02
4.225000e-01 6.000000e+02 2.071000e+02 3.000000e+02 4.820000e+01 2.000000e+02 1.330000e+02
4.250000e-01 6.000000e+02 2.057000e+02 3.000000e+02 4.490000e+01 2.000000e+02 1.335000e+02
4.275000e-01 6.000000e+02 2.062000e+02 3.000000e+02 4.620000e+01 2.000000e+02 1.324000e+02
4.300000e-01 6.000000e+02 2.036000e+02 3.000000e+02 4.320000e+01 2.000000e+02 1.319000e+02
4.325000e-01 6.000000e+02 2.034000e+02 3.000000e+02 4.620000e+01 2.000000e+02 1.315000e+02
4.350000e-01 6.000000e+02 2.046000e+02 3.000000e+02 4.570000e+01 2.000000e+02 1.310000e+02
4.375000e-01 6.000000e+02 2.024000e+02 3.000000e+02 4.620000e+01 2.000000e+02 1.322000e+02
4.400000e-01 6.000000e+02 1.978000e+02 3.000000e+02 4.460000e+01 2.000000e+02 1.314000e+02
4.425000e-01 6.000000e+02 1.986000e+02 3.000000e+02 4.390000e+01 2.000000e+02 1.298000e+02
4.450000e-01 6.000000e+02 2.033000e+02 3.000000e+02 4.140000e+01 2.000000e+02 1.282000e+02
4.475000e-01 6.000000e+02 2.006000e+02 3.000000e+02 4.270000e+01 2.000000e+02 1.280000e+02
4.500000e-01 6.000000e+02 2.022000e+02 3.000000e+02 4.330000e+01 2.000000e+02 1.299000e+02
4.525000e-01 6.000000e+02 1.985000e+02 3.000000e+02 4.160000e+01 2.000000e+02 1.297000e+02
4.550000e-01 6.000000e+02 1.963000e+02 3.000000e+02 4.290000e+01 2.000000e+02 1.329000e+02
4.575000e-01 6.000000e+02 2.040000e+02 3.000000e+02 4.630000e+01 2.000000e+02 1.335000e+02
4.600000e-01 6.000000e+02 2.000000e+02 3.000000e+02 4.290000e+01 2.000000e+02 1.345000e+02
4.625000e-01 6.000000e+02 1.980000e+02 3.000000e+02 4.430000e+01 2.000000e+02 1.345000e+02
4.650000e-01 6.000000e+02 1.941000e+02 3.000000e+02 4.270000e+01 2.000000e+02 1.308000e+02
4.675000e-01 6.000000e+02 1.951000e+02 3.000000e+02 4.260000e+01 2.000000e+02 1.328000e+02
4.700000e-01 6.000000e+02 1.932000e+02 3.000000e+02 4.260000e+01 2.000000e+02 1.304000e+02
4.725000e-01 6.000000e+02 2.018000e+02 3.000000e+02 4.400000e+01 2.000000e+02 1.318000e+02
4.750000e-01 6.000000e+02 1.970000e+02 3.000000e+02 4.270000e+01 2.000000e+02 1.314000e+02
4.775000e-01 6.000000e+02 1.972000e+02 3.000000e+02 4.570000e+01 2.000000e+02 1.292000e+02
4.800000e-01 6.000000e+02 2.021000e+02 3.000000e+02 4.500000e+01 2.000000e+02 1.319000e+02
4.825000e-01 6.000000e+02 2.012000e+02 3.000000e+02 4.380000e+01 2.000000e+02 1.325000e+02
4.850000e-01 6.000000e+02 2.044000e+02 3.000000e+02 4.540000e+01 2.000000e+02 1.320000e+02
4.875000e-01 6.000000e+02 2.014000e+02 3.000000e+02 4.420000e+01 2.000000e+02 1.302000e+02
4.900000e-01 6.000000e+02 1.991000e+02 3.000000e+02 4.520000e+01 2.000000e+02 1.291000e+02
4.925000e-01 6.000000e+02 2.023000e+02 3.000000e+02 4.180000e+01 2.000000e+02 1.324000e+02
4.950000e-01 6.000000e+02 2.014000e+02 3.000000e+02 4.390000e+01 2.000000e+02 1.301000e+02
4.975000e-01 6.000000e+02 2.001000e+02 3.000000e+02 4.200000e+01 2.000000e+02 1.318000e+02
5.000000e-01 6.000000e+02 1.964000e+02 3.000000e+02 4.180000e+01 2.000000e+02 1.322000e+02
