# time	tot_Nck	free_Nck	tot_NWASP	free_NWASP	tot_Nephrin	free_Nephrin	cluster_123
0.000000e+00 6.000000e+02 6.000000e+02 3.000000e+02 3.000000e+02 2.000000e+02 2.000000e+02 0.000000e+00
5.000000e-03 6.000000e+02 3.315000e+02 3.000000e+02 1.050000e+02 2.000000e+02 1.677000e+02 1.460000e+01
1.000000e-02 6.000000e+02 2.473000e+02 3.000000e+02 6.090000e+01 2.000000e+02 1.526000e+02 2.650000e+01
1.500000e-02 6.000000e+02 2.153000e+02 3.000000e+02 4.910000e+01 2.000000e+02 1.430000e+02 3.460000e+01
2.000000e-02 6.000000e+02 2.067000e+02 3.000000e+02 4.320000e+01 2.000000e+02 1.364000e+02 4.030000e+01
2.500000e-02 6.000000e+02 2.025000e+02 3.000000e+02 4.490000e+01 2.000000e+02 1.333000e+02 4.130000e+01
3.000000e-02 6.000000e+02 2.085000e+02 3.000000e+02 4.580000e+01 2.000000e+02 1.330000e+02 4.370000e+01
3.500000e-02 6.000000e+02 2.069000e+02 3.000000e+02 4.540000e+01 2.000000e+02 1.301000e+02 4.230000e+01
4.000000e-02 6.000000e+02 2.112000e+02 3.000000e+02 4.790000e+01 2.000000e+02 1.316000e+02 4.480000e+01
4.500000e-02 6.000000e+02 2.071000e+02 3.000000e+02 4.800000e+01 2.000000e+02 1.306000e+02 4.650000e+01
5.000000e-02 6.000000e+02 2.056000e+02 3.000000e+02 4.500000e+01 2.000000e+02 1.307000e+02 4.410000e+01
5.500000e-02 6.000000e+02 2.045000e+02 3.000000e+02 4.510000e+01 2.000000e+02 1.310000e+02 4.380000e+01
6.000000e-02 6.000000e+02 2.078000e+02 3.000000e+02 4.700000e+01 2.000000e+02 1.302000e+02 4.200000e+01
6.500000e-02 6.000000e+02 1.977000e+02 3.000000e+02 4.400000e+01 2.000000e+02 1.301000e+02 4.240000e+01
7.000000e-02 6.000000e+02 2.006000e+02 3.000000e+02 4.400000e+01 2.000000e+02 1.299000e+02 4.380000e+01
7.500000e-02 6.000000e+02 2.035000e+02 3.000000e+02 4.550000e+01 2.000000e+02 1.326000e+02 4.230000e+01
8.000000e-02 6.000000e+02 2.049000e+02 3.000000e+02 4.270000e+01 2.000000e+02 1.304000e+02 4.510000e+01
8.500000e-02 6.000000e+02 2.057000e+02 3.000000e+02 4.610000e+01 2.000000e+02 1.329000e+02 4.430000e+01
9.000000e-02 6.000000e+02 2.023000e+02 3.000000e+02 4.200000e+01 2.000000e+02 1.326000e+02 4.490000e+01
9.500000e-02 6.000000e+02 2.023000e+02 3.000000e+02 4.350000e+01 2.000000e+02 1.301000e+02 4.740000e+01
1.000000e-01 6.000000e+02 2.062000e+02 3.000000e+02 4.420000e+01 2.000000e+02 1.306000e+02 4.650000e+01
1.050000e-01 6.000000e+02 2.016000e+02 3.000000e+02 4.430000e+01 2.000000e+02 1.317000e+02 4.550000e+01
1.100000e-01 6.000000e+02 1.939000e+02 3.000000e+02 4.430000e+01 2.000000e+02 1.286000e+02 4.660000e+01
1.150000e-01 6.000000e+02 1.937000e+02 3.000000e+02 4.270000e+01 2.000000e+02 1.309000e+02 4.520000e+01
1.200000e-01 6.000000e+02 1.999000e+02 3.000000e+02 4.390000e+01 2.000000e+02 1.319000e+02 4.400000e+01
1.250000e-01 6.000000e+02 1.995000e+02 3.000000e+02 4.440000e+01 2.000000e+02 1.332000e+02 4.310000e+01
1.300000e-01 6.000000e+02 2.055000e+02 3.000000e+02 4.520000e+01 2.000000e+02 1.342000e+02 4.340000e+01
1.350000e-01 6.000000e+02 2.051000e+02 3.000000e+02 4.420000e+01 2.000000e+02 1.347000e+02 4.340000e+01
1.400000e-01 6.000000e+02 1.995000e+02 3.000000e+02 4.550000e+01 2.000000e+02 1.312000e+02 4.410000e+01
1.450000e-01 6.000000e+02 2.073000e+02 3.000000e+02 4.620000e+01 2.000000e+02 1.332000e+02 4.090000e+01
1.500000e-01 6.000000e+02 2.013000e+02 3.000000e+02 4.630000e+01 2.000000e+02 1.315000e+02 4.160000e+01
1.550000e-01 6.000000e+02 2.019000e+02 3.000000e+02 4.630000e+01 2.000000e+02 1.305000e+02 4.420000e+01
1.600000e-01 6.000000e+02 2.036000e+02 3.000000e+02 4.740000e+01 2.000000e+02 1.339000e+02 4.370000e+01
1.650000e-01 6.000000e+02 1.991000e+02 3.000000e+02 4.610000e+01 2.000000e+02 1.307000e+02 4.430000e+01
1.700000e-01 6.000000e+02 2.004000e+02 3.000000e+02 4.470000e+01 2.000000e+02 1.359000e+02 4.120000e+01
1.750000e-01 6.000000e+02 1.983000e+02 3.000000e+02 4.340000e+01 2.000000e+02 1.316000e+02 4.370000e+01
1.800000e-01 6.000000e+02 1.940000e+02 3.000000e+02 4.510000e+01 2.000000e+02 1.348000e+02 4.230000e+01
1.850000e-01 6.000000e+02 1.990000e+02 3.000000e+02 4.380000e+01 2.000000e+02 1.333000e+02 4.230000e+01
1.900000e-01 6.000000e+02 2.018000e+02 3.000000e+02 4.430000e+01 2.000000e+02 1.300000e+02 4.460000e+01
1.950000e-01 6.000000e+02 2.066000e+02 3.000000e+02 4.510000e+01 2.000000e+02 1.332000e+02 4.230000e+01
2.000000e-01 6.000000e+02 2.044000e+02 3.000000e+02 4.540000e+01 2.000000e+02 1.324000e+02 4.440000e+01
2.050000e-01 6.000000e+02 2.032000e+02 3.000000e+02 4.520000e+01 2.000000e+02 1.317000e+02 4.540000e+01
2.100000e-01 6.000000e+02 2.028000e+02 3.000000e+02 4.590000e+01 2.000000e+02 1.280000e+02 4.680000e+01
2.150000e-01 6.000000e+02 2.028000e+02 3.000000e+02 4.340000e+01 2.000000e+02 1.303000e+02 4.440000e+01
2.200000e-01 6.000000e+02 2.015000e+02 3.000000e+02 4.710000e+01 2.000000e+02 1.294000e+02 4.370000e+01
2.250000e-01 6.000000e+02 2.038000e+02 3.000000e+02 4.540000e+01 2.000000e+02 1.323000e+02 4.260000e+01
2.300000e-01 6.000000e+02 2.089000e+02 3.000000e+02 4.830000e+01 2.000000e+02 1.338000e+02 4.310000e+01
2.350000e-01 6.000000e+02 2.008000e+02 3.000000e+02 4.290000e+01 2.000000e+02 1.315000e+02 4.660000e+01
2.400000e-01 6.000000e+02 2.017000e+02 3.000000e+02 4.360000e+01 2.000000e+02 1.304000e+02 4.470000e+01
2.450000e-01 6.000000e+02 1.995000e+02 3.000000e+02 4.400000e+01 2.000000e+02 1.327000e+02 4.290000e+01
2.500000e-01 6.000000e+02 1.985000e+02 3.000000e+02 4.240000e+01 2.000000e+02 1.325000e+02 4.300000e+01
2.550000e-01 6.000000e+02 1.971000e+02 3.000000e+02 4.310000e+01 2.000000e+02 1.316000e+02 4.330000e+01
2.600000e-01 6.000000e+02 1.947000e+02 3.000000e+02 4.480000e+01 2.000000e+02 1.307000e+02 4.230000e+01
2.650000e-01 6.000000e+02 1.974000e+02 3.000000e+02 4.250000e+01 2.000000e+02 1.325000e+02 4.250000e+01
2.700000e-01 6.000000e+02 2.003000e+02 3.000000e+02 4.410000e+01 2.000000e+02 1.354000e+02 4.320000e+01
2.750000e-01 6.000000e+02 2.022000e+02 3.000000e+02 4.490000e+01 2.000000e+02 1.333000e+02 4.330000e+01
2.800000e-01 6.000000e+02 2.008000e+02 3.000000e+02 4.420000e+01 2.000000e+02 1.324000e+02 4.420000e+01
2.850000e-01 6.000000e+02 1.997000e+02 3.000000e+02 4.160000e+01 2.000000e+02 1.314000e+02 4.410000e+01
2.900000e-01 6.000000e+02 2.003000e+02 3.000000e+02 4.200000e+01 2.000000e+02 1.298000e+02 4.660000e+01
2.950000e-01 6.000000e+02 2.013000e+02 3.000000e+02 4.500000e+01 2.000000e+02 1.284000e+02 4.780000e+01
3.000000e-01 6.000000e+02 2.039000e+02 3.000000e+02 4.460000e+01 2.000000e+02 1.319000e+02 4.500000e+01
3.050000e-01 6.000000e+02 2.001000e+02 3.000000e+02 4.330000e+01 2.000000e+02 1.322000e+02 4.420000e+01
3.100000e-01 6.000000e+02 2.044000e+02 3.000000e+02 4.470000e+01 2.000000e+02 1.307000e+02 4.660000e+01
3.150000e-01 6.000000e+02 2.020000e+02 3.000000e+02 4.170000e+01 2.000000e+02 1.342000e+02 4.380000e+01
3.200000e-01 6.000000e+02 2.041000e+02 3.000000e+02 3.990000e+01 2.000000e+02 1.312000e+02 4.780000e+01
3.250000e-01 6.000000e+02 2.004000e+02 3.000000e+02 3.990000e+01 2.000000e+02 1.321000e+02 4.660000e+01
3.300000e-01 6.000000e+02 2.035000e+02 3.000000e+02 4.700000e+01 2.000000e+02 1.295000e+02 4.520000e+01
3.350000e-01 6.000000e+02 1.982000e+02 3.000000e+02 4.580000e+01 2.000000e+02 1.304000e+02 4.400000e+01
3.400000e-01 6.000000e+02 2.022000e+02 3.000000e+02 4.490000e+01 2.000000e+02 1.283000e+02 4.500000e+01
3.450000e-01 6.000000e+02 2.009000e+02 3.000000e+02 4.370000e+01 2.000000e+02 1.285000e+02 4.560000e+01
3.500000e-01 6.000000e+02 1.989000e+02 3.000000e+02 4.540000e+01 2.000000e+02 1.300000e+02 4.380000e+01
3.550000e-01 6.000000e+02 2.021000e+02 3.000000e+02 4.330000e+01 2.000000e+02 1.289000e+02 4.690000e+01
3.600000e-01 6.000000e+02 2.099000e+02 3.000000e+02 4.790000e+01 2.000000e+02 1.319000e+02 4.470000e+01
3.650000e-01 6.000000e+02 2.019000e+02 3.000000e+02 4.550000e+01 2.000000e+02 1.318000e+02 4.390000e+01
3.700000e-01 6.000000e+02 2.038000e+02 3.000000e+02 4.480000e+01 2.000000e+02 1.314000e+02 4.620000e+01
3.750000e-01 6.000000e+02 1.994000e+02 3.000000e+02 3.900000e+01 2.000000e+02 1.318000e+02 4.620000e+01
3.800000e-01 6.000000e+02 1.962000e+02 3.000000e+02 4.250000e+01 2.000000e+02 1.313000e+02 4.570000e+01
3.850000e-01 6.000000e+02 2.007000e+02 3.000000e+02 4.400000e+01 2.000000e+02 1.312000e+02 4.460000e+01
3.900000e-01 6.000000e+02 1.999000e+02 3.000000e+02 4.170000e+01 2.000000e+02 1.318000e+02 4.430000e+01
3.950000e-01 6.000000e+02 2.046000e+02 3.000000e+02 4.550000e+01 2.000000e+02 1.327000e+02 4.430000e+01
4.000000e-01 6.000000e+02 2.016000e+02 3.000000e+02 4.210000e+01 2.000000e+02 1.332000e+02 4.130000e+01
4.050000e-01 6.000000e+02 1.955000e+02 3.000000e+02 4.410000e+01 2.000000e+02 1.342000e+02 4.290000e+01
4.100000e-01 6.000000e+02 1.975000e+02 3.000000e+02 4.740000e+01 2.000000e+02 1.332000e+02 4.480000e+01
4.150000e-01 6.000000e+02 2.044000e+02 3.000000e+02 4.630000e+01 2.000000e+02 1.338000e+02 4.240000e+01
4.200000e-01 6.000000e+02 2.028000e+02 3.000000e+02 4.590000e+01 2.000000e+02 1.308000e+02 4.720000e+01
4.250000e-01 6.000000e+02 1.976000e+02 3.000000e+02 4.740000e+01 2.000000e+02 1.297000e+02 4.340000e+01
4.300000e-01 6.000000e+02 2.022000e+02 3.000000e+02 4.560000e+01 2.000000e+02 1.305000e+02 4.400000e+01
4.350000e-01 6.000000e+02 2.020000e+02 3.000000e+02 4.660000e+01 2.000000e+02 1.331000e+02 4.610000e+01
4.400000e-01 6.000000e+02 2.026000e+02 3.000000e+02 4.490000e+01 2.000000e+02 1.339000e+02 4.450000e+01
4.450000e-01 6.000000e+02 2.073000e+02 3.000000e+02 4.580000e+01 2.000000e+02 1.310000e+02 4.520000e+01
4.500000e-01 6.000000e+02 2.044000e+02 3.000000e+02 4.790000e+01 2.000000e+02 1.321000e+02 4.260000e+01
4.550000e-01 6.000000e+02 2.005000e+02 3.000000e+02 4.340000e+01 2.000000e+02 1.335000e+02 4.440000e+01
4.600000e-01 6.000000e+02 1.973000e+02 3.000000e+02 4.480000e+01 2.000000e+02 1.294000e+02 4.840000e+01
4.650000e-01 6.000000e+02 1.995000e+02 3.000000e+02 4.490000e+01 2.000000e+02 1.290000e+02 4.750000e+01
4.700000e-01 6.000000e+02 1.991000e+02 3.000000e+02 4.430000e+01 2.000000e+02 1.303000e+02 4.690000e+01
4.750000e-01 6.000000e+02 1.978000e+02 3.000000e+02 4.310000e+01 2.000000e+02 1.310000e+02 4.630000e+01
4.800000e-01 6.000000e+02 1.970000e+02 3.000000e+02 4.280000e+01 2.000000e+02 1.344000e+02 4.100000e+01
4.850000e-01 6.000000e+02 1.969000e+02 3.000000e+02 4.270000e+01 2.000000e+02 1.322000e+02 4.270000e+01
4.900000e-01 6.000000e+02 2.034000e+02 3.000000e+02 4.180000e+01 2.000000e+02 1.334000e+02 4.270000e+01
4.950000e-01 6.000000e+02 2.012000e+02 3.000000e+02 4.340000e+01 2.000000e+02 1.314000e+02 4.450000e+01
5.000000e-01 6.000000e+02 2.013000e+02 3.000000e+02 4.390000e+01 2.000000e+02 1.294000e+02 4.400000e+01
